do setup
do iters
do force
do relax
do neb
setup data
functional
 PBE-SP
spin polarization
 2.0
dimension of system (0=cluster ... 3=bulk)
0
primitive lattice vectors
  55.0000000000     0.00000000000     0.00000000000
  0.00000000000     45.0000000000     0.00000000000
  0.00000000000     0.00000000000     50.0000000000
grid dimensions
  184  150  167
atom types
 4
atom file
 O = O.atm
atom file
 H = H.atm
atom file
 C = C.atm
atom file
 Si = Si.atm
number of atoms in unit cell
  26
atom, type, position;
 AT1          O                -3.7336790230    1.2100653928    4.0244016322 
 AT2          Si               -0.6852097181    0.5390530667    4.4832789124 
 AT3          Si               -6.6567116184    0.9941598686    5.1891528112 
 AT4          C                 1.1735245265    2.3207495729    2.1721550364 
 AT5          C                 4.0583492132    2.0473356586    1.9890963259 
 AT6          H                 0.2975223416    3.7139788226    0.9167204764 
 AT7          H                 5.1602376565    3.2183712462    0.7055257776 
 AT8          H                 5.0532570141    0.7826331700    3.2715197369 
 AT9          Si                1.7195376639   -2.4832488764   -3.2375508611 
 AT10         O                -0.9264958988   -0.8765960800   -3.7645696048 
 AT11         O                 4.0749701785   -0.5843540575   -4.0623895141 
 AT12         Si                7.2076695065   -0.1922132405   -3.9168131521 
 AT13         Si               -3.8486976358   -0.6341789958   -2.5571727455 
 AT14         H                 1.9448527789   -3.1647323248   -0.5159498463 
 AT15         H                -7.1139102167    3.1781528485    6.9098192729 
 AT16         H                 0.1162676641    1.1305116001    7.1554081162 
 AT17         H                -7.0150442008   -1.4108172169    6.6139779226 
 AT18         H                -0.2049022272   -2.2460542360    4.1865004086 
 AT19         H                -5.7170187401   -1.3847119658   -4.5300031868 
 AT20         H                -4.0922729292   -2.3052741185   -0.3025067517 
 AT21         H                -4.3231470128    2.0372977837   -1.8145793812 
 AT22         H                 7.6863707699    2.5676045560   -4.2069029173 
 AT23         H                 8.2292179353   -1.0769169796   -1.4445077344 
 AT24         H                 8.4758585917   -1.6275224694   -5.9940817044 
 AT25         H                 1.7205142183   -4.7739516858   -4.8706504481 
 AT26         H                -8.4671342125    1.0658947819    3.0205461973
end setup phase data
run phase input data
history
 8
states
 100
temperature
 0.002
iterations
 100
blend ratio
0.05
convergence criterion
 0.05
geometry relaxation
gsteps
300
gmethod
ASD
end geometry relaxation
end run phase data
neb data
images
  5
einitial - energy for start-point
  -177.0613783539
coordinates for start-point
 -3.7336790230    1.2100653928    4.0244016322
 -0.6852097181    0.5390530667    4.4832789124
 -6.6567116184    0.9941598686    5.1891528112
  1.1735245265    2.3207495729    2.1721550364
  4.0583492132    2.0473356586    1.9890963259
  0.2975223416    3.7139788226    0.9167204764
  5.1602376565    3.2183712462    0.7055257776
  5.0532570141    0.7826331700    3.2715197369
  1.7195376639   -2.4832488764   -3.2375508611
 -0.9264958988   -0.8765960800   -3.7645696048
  4.0749701785   -0.5843540575   -4.0623895141
  7.2076695065   -0.1922132405   -3.9168131521
 -3.8486976358   -0.6341789958   -2.5571727455
  1.9448527789   -3.1647323248   -0.5159498463
 -7.1139102167    3.1781528485    6.9098192729
  0.1162676641    1.1305116001    7.1554081162
 -7.0150442008   -1.4108172169    6.6139779226
 -0.2049022272   -2.2460542360    4.1865004086
 -5.7170187401   -1.3847119658   -4.5300031868
 -4.0922729292   -2.3052741185   -0.3025067517
 -4.3231470128    2.0372977837   -1.8145793812
  7.6863707699    2.5676045560   -4.2069029173
  8.2292179353   -1.0769169796   -1.4445077344
  8.4758585917   -1.6275224694   -5.9940817044
  1.7205142183   -4.7739516858   -4.8706504481
 -8.4671342125    1.0658947819    3.0205461973
efinal - energy for end-product
  -177.1412511626
coordinates for end-product
 -2.3599084209    0.0025289128    3.4215231549
 -0.3439627732    1.6552783115    5.2144118211
 -5.2429888935   -1.2693720557    3.5245020830
  1.6702836775    3.8086566971    3.1914791125
  3.4473809768    2.4840525871    1.4827195719
  2.6707217218    4.9659384187    4.6321309399
  3.6905565483    3.0982181340   -0.4671736097
  4.6852755168    0.9934794848    2.1741148716
  0.1376634103   -3.1621770327   -2.4720077714
 -1.1607491093   -0.2917133992   -2.8302458100
  2.8700828897   -3.3264212715   -4.0519309536
  5.5196724620   -1.6381723192   -4.5414174669
 -3.7370172157    1.0708497150   -4.0708992158
  0.4445247702    5.1248123625    2.1457381658
 -7.0996681715    0.6070746078    4.5235710334
 -1.8095377587    3.1656283924    7.1249746921
 -5.2516050964   -3.5862836892    5.1335298547
  1.3425292286   -0.1511521623    6.5908532542
 -3.1411531317    2.0015239272   -6.6605204636
 -5.8724656253   -0.7628384315   -4.2026712473
 -4.4029218585    3.2269033602   -2.3918908132
  4.9182120784    1.0999269295   -4.8148891423
  7.3055777293   -1.9704742274   -2.3796992320
  6.7221521761   -2.5795362809   -6.9059231939
  0.7391346159   -3.4613575488    0.3011951792
 -5.9109826390   -1.9692664731    0.8793684560
antikink
image number in NEB
      1
coordinates for this image
    -3.5606749885    1.2142803428    4.0203908303
    -0.5399213151    0.3673480161    4.5581011304
    -6.4558254172    1.1829886564    5.3008346842
     1.4666979709    2.2670447261    2.3502843514
     3.9922952234    2.4887586814    2.4922160587
     0.4638697571    3.3543340607    0.8961193689
     5.0398557961    3.7208334186    1.2106567992
     5.1262550401    1.3841260232    3.8286204330
     1.2456165449   -1.8900061297   -2.8945296337
    -1.3902862664   -0.6061699867   -4.0599321615
     3.7046277502   -0.5858926124   -4.3682882249
     6.7671657066   -0.1802445622   -3.6899740643
    -4.2462514519   -0.4883983165   -2.6002924044
     1.3680411071   -1.3153461223   -0.1702891656
    -6.6653778381    3.0863597576    7.4009854508
     0.1892434525    1.0149311387    7.2034200802
    -7.0391003215   -1.4251278309    6.2569292150
    -0.3452295521   -2.4343491072    4.1928152758
    -6.1692927711   -1.3276035643   -4.4811203576
    -4.2375405508   -2.2549012768   -0.3678293505
    -4.6573842510    2.1916806548   -1.7934208830
     7.3316700042    2.5785441882   -3.5918517531
     7.4030546718   -1.3570538015   -1.2032250189
     8.2942529715   -1.3772261827   -5.7263669743
     1.3192418277   -4.6705591104   -3.2836828162
    -7.6465361824   -0.4436040820   -0.3155988869
image number in NEB
      2
coordinates for this image
    -3.4508685403    1.2180797126    4.0200582899
    -0.4766138007    0.2338494389    4.4578276133
    -6.4610875382    1.0103816570    4.9942903405
     1.5377034222    1.9160149784    2.0535454669
     4.0483343423    2.3610738879    2.3998079734
     0.4835980878    3.1707052084    0.7850679743
     5.0651723933    3.7912423327    1.3146690806
     5.2040101774    1.2008603660    3.6602590712
     1.1412403190   -1.6631477851   -2.8046298298
    -1.6218040658   -0.5969923097   -3.8166679375
     3.6961597558   -0.5934101102   -4.3614225549
     6.7847269667   -0.1883393611   -3.6949437433
    -4.6090247763   -0.5128755073   -2.2551328880
     1.3609543888   -0.4658381843   -0.0815236291
    -6.8062273431    2.8930485948    7.0716171224
     0.4208028101    1.0395662821    7.0033822985
    -7.0064967329   -1.6106844207    5.9630824617
    -0.3604301689   -2.5738842837    4.2177873665
    -6.2860956582   -1.3801676893   -4.3367491380
    -4.0600424713   -2.4537180828   -0.2347795310
    -4.6217266791    2.2746899944   -1.7247912361
     7.3338211120    2.5757464233   -3.5975754235
     7.4822326578   -1.3614779777   -1.2139686584
     8.3167992512   -1.3781757277   -5.7387593575
     1.3460512382   -4.4876946792   -2.7323207094
    -7.3788059814   -0.2604889079   -0.3659903620
image number in NEB
      3
coordinates for this image
    -3.4470394404    1.2204141181    4.0226763835
    -0.5290396128    0.2239288856    4.4618087917
    -6.4833331762    1.0212729691    5.0046879933
     1.4948090401    1.6680781586    1.8095206058
     4.0772960292    2.3208210348    2.3637279270
     0.4702940980    3.1532613093    0.7830386762
     5.0574678171    3.8217432980    1.3513840986
     5.2158543458    1.1721013361    3.6378626996
     1.1009256891   -1.7070313726   -3.0768678809
    -1.5468171563   -0.5852989070   -3.8274328199
     3.7329591320   -0.5915748276   -4.3322359723
     6.8356971347   -0.1862228317   -3.6933456887
    -5.0103181959   -0.4752470940   -1.9753264730
     1.3875347191   -0.1517026734    0.2200135335
    -6.7704247438    2.8844321936    7.1097163662
     0.4319699782    1.0570456129    6.9766514109
    -6.9959819019   -1.5986105444    5.9661104925
    -0.3466675917   -2.5712527312    4.2247083645
    -6.2138073776   -1.3847597090   -4.3825131263
    -3.9814734907   -2.4810335890   -0.2523707311
    -4.5222047777    2.2977077909   -1.7654267875
     7.3339986609    2.5819316477   -3.5954108164
     7.4861013323   -1.3634578659   -1.2073916790
     8.3321820214   -1.3824718846   -5.7464191931
     1.3813865243   -4.4990144159   -2.6889373117
    -7.4212747337   -0.2626776424   -0.3711958460
image number in NEB
      4
coordinates for this image
    -3.4330080844    1.2219695777    4.0240724034
    -0.4691145364    0.2334117937    4.4241939304
    -6.5087144982    0.8209118055    4.5337079838
     1.4686454256    1.5827374911    1.7310039725
     4.0961745336    2.3014927340    2.3495592322
     0.4474642637    3.1463925135    0.8208767847
     5.0420535928    3.8443922893    1.3724671373
     5.2376593050    1.1553819115    3.6241552862
     1.0575326903   -2.0853127814   -3.8815637941
    -1.6112064517   -0.5624352297   -3.7321357920
     3.7403407329   -0.5578002941   -4.3054010613
     6.8292976692   -0.1790057639   -3.6714464219
    -4.5851865352   -0.4973403729   -2.1781303399
     1.4009395147   -0.0090931392    0.3179272339
    -6.9998601350    2.8313230022    6.6119502697
     0.4446953366    1.0655915215    6.9603135772
    -7.0317279186   -1.6332219842    5.8702559783
    -0.3788007536   -2.5831762381    4.2479721890
    -6.3158058905   -1.3590563037   -4.2385575770
    -4.0649277319   -2.4458187714   -0.2144468063
    -4.6240947917    2.2668675731   -1.6952371753
     7.3452412171    2.5815252652   -3.5941469723
     7.5079160648   -1.3644805418   -1.2060998613
     8.3169732948   -1.3756192333   -5.7376238741
     1.3783503251   -4.4471480224   -2.4048602638
    -7.3457560140    0.0613727122    0.5915378585
image number in NEB
      5
coordinates for this image
    -3.4986143986    1.2177985453    4.0235178524
    -0.4617145130    0.5941654787    4.6846072426
    -6.5012014167    0.6278344006    4.8005028791
     1.4182801236    2.1078142063    2.0744978550
     4.1982502099    2.2685146516    2.4110292706
     0.6013968086    3.9995577939    1.7472834964
     5.2859243193    3.5872500600    1.2652988394
     5.2447103939    0.9773259473    3.6210544455
     0.5897220184   -3.2072327848   -4.0780779500
    -1.1318818792   -0.5914600528   -3.4581939623
     3.5955225568   -2.3923671749   -4.3460701476
     6.4156769169   -0.9544928822   -4.2934905704
    -4.2165379918   -0.4019304266   -2.6222286934
     0.9393368183    1.0478399057    0.3261021441
    -7.5768371208    2.8195211192    6.2372169077
     0.1827071300    1.6704090979    7.2192616692
    -6.7176016278   -1.7056801352    6.3701619184
    -0.0997084094   -2.2136851026    4.7822113274
    -5.8698527308   -1.0460941103   -4.8111768851
    -4.6795937461   -2.2557537073   -0.5517540059
    -4.6610700089    2.2469209574   -1.7861852110
     6.1551946206    1.8561869152   -4.4943490484
     7.6722504277   -1.6103724974   -1.8579321455
     7.9347297846   -1.9137410011   -6.4672488197
     0.4399343038   -4.9304787333   -1.8054529827
    -7.9483289753    0.2171112029    2.4063434112
end neb data
