do setup
do iters
do force
do relax
do neb
setup data
functional
 PBE-SP
spin polarization
 2.0
dimension of system (0=cluster ... 3=bulk)
0
primitive lattice vectors
  60.0000000000     0.00000000000     0.00000000000
  0.00000000000     45.0000000000     0.00000000000
  0.00000000000     0.00000000000     60.0000000000
grid dimensions
  200  150  200
atom types
 6
atom file
 O = O.atm
atom file
 H = H.atm
atom file
 C = C.atm
atom file
 Pt = Pt.atm
atom file
 P = P.atm
atom file
 Si = Si.atm
number of atoms in unit cell
  63
atom, type, position;  step#    146
 AT1          O                -3.1662452665    1.2012132543    4.7813881058 
 AT2          Si               -0.2394880790    1.2669711577    6.0016195729 
 AT3          Si               -6.2044438200    1.1151044108    5.7196249853 
 AT4          C                 0.1961504225    4.0796789533    8.1390688039 
 AT5          C                 0.4657254341   -1.7108680086    7.8150973827 
 AT6          C                -7.0630348985    4.1227695753    7.4123835138 
 AT7          C                -6.7794923037   -1.7227496678    7.7837234402 
 AT8          C                 1.9764907498    1.7056985394    3.2974654746 
 AT9          C                 4.6557694677    1.3557624732    3.5926537013 
 AT10         C                -8.0790038324    0.7924512812    2.7299338591 
 AT11         C               -10.6084432908    0.6842737734    2.5884137074 
 AT12         H                -0.1424043734    5.8435164907    7.0939311046 
 AT13         H                 2.1554950357    4.0967540476    8.8390798667 
 AT14         H                -1.0688450466    4.0371824511    9.7852999006 
 AT15         H                 0.1956415682   -3.4145875714    6.6602158951 
 AT16         H                -0.7669680090   -1.8882177999    9.4775427778 
 AT17         H                 2.4323361855   -1.6733895539    8.4906015992 
 AT18         H                -6.7539463407    5.7745396253    6.1860791321 
 AT19         H                -5.9302157810    4.3660335029    9.1400292806 
 AT20         H                -9.0715939786    4.0827221154    7.9524578984 
 AT21         H                -6.1578591541   -3.4411005580    6.7916903701 
 AT22         H                -8.8068602578   -1.9335649827    8.2012436647 
 AT23         H                -5.7795182320   -1.6190795972    9.5994833146 
 AT24         H                 1.2156833434    2.4966884974    1.5276408247 
 AT25         H                 5.8801736369    2.8481206083    4.3465946701 
 AT26         H                 5.5761704878   -0.4454136491    3.1485753550 
 AT27         H                -7.0137397098    0.7166013667    0.9611724241 
 AT28         H               -11.8193568639    0.7563413209    4.2641226707 
 AT29         H               -11.5895878626    0.4824243517    0.7808309408 
 AT30         Si                2.5480906437   -2.3746450138   -3.7005732587 
 AT31         O                 0.0117479559   -1.1978845293   -5.1245711419 
 AT32         O                 4.9765497644   -0.5743197540   -4.5077252142 
 AT33         Si                8.1276099286   -0.2049454879   -4.6880058387 
 AT34         Si               -3.0708930485   -0.4843993949   -4.7648769629 
 AT35         C                -3.3165816699    2.5970344594   -3.0363598770 
 AT36         C                -4.6325829128   -3.0698801765   -2.8845038856 
 AT37         C                 3.0675925161   -5.7117414057   -4.7123542454 
 AT38         H                 2.2200132969   -2.2420961270   -0.8897371345 
 AT39         C                 9.7368456396   -2.7252233938   -2.7681245878 
 AT40         C                 8.8783224605    3.0089783714   -3.3997780247 
 AT41         C                 9.0085670081   -0.4300239644   -8.1149281744 
 AT42         C                -4.4415495595   -0.1533725611   -8.0286749679 
 AT43         H                -2.5436398228    2.4812691143   -1.1090387741 
 AT44         H                -5.2948576498    3.2031136132   -2.8725921189 
 AT45         H                -2.2703903093    4.0761654144   -4.0534666570 
 AT46         H                -3.7593097756   -3.1587545147   -0.9994371569 
 AT47         H                -4.3654958222   -4.9265575575   -3.7817819594 
 AT48         H                -6.6743676295   -2.7851237631   -2.6117524569 
 AT49         H                 4.6728938672   -6.5461258611   -3.6999994510 
 AT50         H                 3.4493501760   -5.8297505718   -6.7510291435 
 AT51         H                 1.3733427605   -6.8447284048   -4.3166383979 
 AT52         H                 9.1722300985   -2.5727917426   -0.7720266695 
 AT53         H                11.8063839129   -2.5513006461   -2.8607495430 
 AT54         H                 9.2167200128   -4.6231439305   -3.4410133951 
 AT55         H                 8.2443801139    3.1611091631   -1.4235964677 
 AT56         H                 7.9032742619    4.4752270763   -4.4985873890 
 AT57         H                10.9173439027    3.4152386851   -3.4583523664 
 AT58         H                 8.5197859052   -2.2922805515   -8.8872143475 
 AT59         H                11.0362835652   -0.1235217241   -8.4270703450 
 AT60         H                 7.9651514374    1.0095054469   -9.1916817418 
 AT61         H                -3.4248299628    1.3055136832   -9.1093013916 
 AT62         H                -6.4378670725    0.4209770931   -7.9339341225 
 AT63         H                -4.3364143646   -1.9316908229   -9.1021827331  
end setup phase data
run phase input data
history
 8
no ges
states
 100
temperature
 0.002
iterations
 300
blend ratio
0.05
convergence criterion
 0.05
geometry relaxation
gsteps
100
gmethod
ASD
end geometry relaxation
end run phase data
neb data
images
  6
einitial - energy for start-point
  -354.1376698005
coordinates for start-point
   -3.1662452665    1.2012132543    4.7813881058 
  -0.2394880790    1.2669711577    6.0016195729 
  -6.2044438200    1.1151044108    5.7196249853 
   0.1961504225    4.0796789533    8.1390688039 
   0.4657254341   -1.7108680086    7.8150973827 
  -7.0630348985    4.1227695753    7.4123835138 
  -6.7794923037   -1.7227496678    7.7837234402 
   1.9764907498    1.7056985394    3.2974654746 
   4.6557694677    1.3557624732    3.5926537013 
  -8.0790038324    0.7924512812    2.7299338591 
 -10.6084432908    0.6842737734    2.5884137074 
  -0.1424043734    5.8435164907    7.0939311046 
   2.1554950357    4.0967540476    8.8390798667 
  -1.0688450466    4.0371824511    9.7852999006 
   0.1956415682   -3.4145875714    6.6602158951 
  -0.7669680090   -1.8882177999    9.4775427778 
   2.4323361855   -1.6733895539    8.4906015992 
  -6.7539463407    5.7745396253    6.1860791321 
  -5.9302157810    4.3660335029    9.1400292806 
  -9.0715939786    4.0827221154    7.9524578984 
  -6.1578591541   -3.4411005580    6.7916903701 
  -8.8068602578   -1.9335649827    8.2012436647 
  -5.7795182320   -1.6190795972    9.5994833146 
   1.2156833434    2.4966884974    1.5276408247 
   5.8801736369    2.8481206083    4.3465946701 
   5.5761704878   -0.4454136491    3.1485753550 
  -7.0137397098    0.7166013667    0.9611724241 
 -11.8193568639    0.7563413209    4.2641226707 
 -11.5895878626    0.4824243517    0.7808309408 
   2.5480906437   -2.3746450138   -3.7005732587 
   0.0117479559   -1.1978845293   -5.1245711419 
   4.9765497644   -0.5743197540   -4.5077252142 
   8.1276099286   -0.2049454879   -4.6880058387 
  -3.0708930485   -0.4843993949   -4.7648769629 
  -3.3165816699    2.5970344594   -3.0363598770 
  -4.6325829128   -3.0698801765   -2.8845038856 
   3.0675925161   -5.7117414057   -4.7123542454 
   2.2200132969   -2.2420961270   -0.8897371345 
   9.7368456396   -2.7252233938   -2.7681245878 
   8.8783224605    3.0089783714   -3.3997780247 
   9.0085670081   -0.4300239644   -8.1149281744 
  -4.4415495595   -0.1533725611   -8.0286749679 
  -2.5436398228    2.4812691143   -1.1090387741 
  -5.2948576498    3.2031136132   -2.8725921189 
  -2.2703903093    4.0761654144   -4.0534666570 
  -3.7593097756   -3.1587545147   -0.9994371569 
  -4.3654958222   -4.9265575575   -3.7817819594 
  -6.6743676295   -2.7851237631   -2.6117524569 
   4.6728938672   -6.5461258611   -3.6999994510 
   3.4493501760   -5.8297505718   -6.7510291435 
   1.3733427605   -6.8447284048   -4.3166383979 
   9.1722300985   -2.5727917426   -0.7720266695 
  11.8063839129   -2.5513006461   -2.8607495430 
   9.2167200128   -4.6231439305   -3.4410133951 
   8.2443801139    3.1611091631   -1.4235964677 
   7.9032742619    4.4752270763   -4.4985873890 
  10.9173439027    3.4152386851   -3.4583523664 
   8.5197859052   -2.2922805515   -8.8872143475 
  11.0362835652   -0.1235217241   -8.4270703450 
   7.9651514374    1.0095054469   -9.1916817418 
  -3.4248299628    1.3055136832   -9.1093013916 
  -6.4378670725    0.4209770931   -7.9339341225 
  -4.3364143646   -1.9316908229   -9.1021827331 
efinal - energy for end-product
  -354.2284919735
coordinates for end-product
 -2.8931542487    1.5233722292    6.3085307470
  0.0311470053    0.9548590489    5.2223712287
 -5.9492449709    0.7103669826    6.4687940160
  1.9041278530    3.9379085628    5.6499453297
  1.4513570400   -1.6837674965    7.1307337031
 -7.5798969797    3.2126473564    8.4261333818
 -6.2790839999   -2.4799266859    7.9886362547
 -0.0991279331    0.0266894111    1.7833605615
  2.5424923989   -0.0614797714    0.5242076243
 -7.3752801682    0.6658191005    3.2228681478
 -9.8196201938   -0.4061785424    2.6955798330
  1.0318033960    5.5339030101    4.6479375088
  3.8473640469    3.7289865857    4.9569402301
  1.9844899344    4.4167812527    7.6679418585
  3.4505795911   -1.9960890868    6.6649677147
  0.4272645671   -3.4575975260    6.7836187109
  1.3461066999   -1.2840895992    9.1653030172
 -8.2909240367    2.4691047098   10.2277433506
 -9.1622993294    4.0689033267    7.3934458531
 -6.1996708569    4.7034537443    8.8544987975
 -5.8032416657   -2.3528409123   10.0089868120
 -5.0051908621   -3.8505769470    7.0882724111
 -8.2299707954   -3.1773448288    7.8346271308
 -1.3231106297    1.3621230607    0.7614465419
  3.8091688267   -1.3237605169    1.5975416404
  3.4273713454    1.8249149606    0.5405007241
 -6.3668817280    1.6546156349    1.6884893643
-11.5531162919    0.7165222120    2.8595153350
-10.0503623506   -2.3308686897    1.9738777833
  2.3910759354   -1.1636550216   -2.8574076967
 -0.0150241982    0.3210321768   -4.2159526252
  4.9388952076   -0.3032089740   -4.5092511426
  8.1121366482   -0.3716441114   -4.4027033329
 -3.0402939844    0.2310430690   -5.1635730410
 -4.4661137572    3.3027784918   -4.0894077906
 -4.7962743255   -2.4909095489   -3.6714265981
  1.9152636205   -4.6714090330   -3.0124007876
 -1.0420148886   -1.8293769343    1.6486689756
  9.2042334672   -3.0999200217   -2.3944998057
  9.2014151113    2.6893444067   -2.9659622012
  9.2211460871   -0.7498082911   -7.7522538481
 -3.1412912175   -0.1253640909   -8.7119032422
 -4.3545646108    3.4752174534   -2.0203292841
 -6.4633666434    3.4472255707   -4.6410311430
 -3.4537056552    4.9155014413   -4.9250141153
 -6.7503571353   -2.5379072483   -4.3783942584
 -4.9062730047   -2.2626534203   -1.6100406296
 -3.9380252938   -4.3371171822   -4.0790510559
  3.5351526911   -5.7024170975   -2.2260552968
  1.6586472527   -5.2814785712   -4.9795666310
  0.2216559538   -5.2382243441   -1.9468176934
  8.5126501973   -2.8979316275   -0.4457377851
 11.2782119850   -3.1611959288   -2.2935254952
  8.5473783988   -4.9237309752   -3.1435949808
  8.4927703211    2.8669497866   -1.0232289480
  8.5144725748    4.3210107640   -4.0518137200
 11.2728124351    2.8185103998   -2.8785733221
  8.5283400903   -2.5380109445   -8.5515186278
 11.2915610321   -0.7485533769   -7.9006601022
  8.5020941657    0.7975104907   -8.9296126694
 -1.2660324855   -0.6180057924   -9.4504830196
 -3.7667680819    1.6019424832   -9.6843413626
 -4.4343520492   -1.6637438724   -9.2294510491
antikink
image number in NEB
      1
coordinates for this image
    -2.7365544056    1.2473965096    3.8282544505
     0.2343928480    1.2401728419    5.0008221393
    -5.6421747899    0.8553443551    5.0451564363
     0.4033936068    3.4051239911    7.8389508668
     1.1055081939   -2.0976714794    5.9372473069
    -6.5353318456    3.7031319786    6.9746936084
    -5.7649296229   -2.1002015109    7.0222011993
     2.3080039548    2.3959660021    2.5714219575
     5.1903385346    1.6501273869    2.5175291945
    -7.8879184377    0.5511354497    2.3135228657
   -10.1811633371   -0.5119304184    2.4636907368
    -0.2634155770    5.2992097915    7.3110179350
     2.3752043625    3.5797398510    8.4611432677
    -0.7310625328    2.7283675789    9.4452862175
     0.9259859406   -3.3679718913    4.3050807157
    -0.1258943157   -2.8092542681    7.4491273603
     3.0688328824   -2.1988087712    6.6179598707
    -6.4448234437    5.4246571853    5.8150109526
    -5.2736632576    3.9609063615    8.6022551435
    -8.4815432166    3.5097362375    7.6763315522
    -5.0433279415   -3.7263680571    5.9382677130
    -7.7100885460   -2.5313955522    7.5916876873
    -4.6319006636   -1.9167739657    8.7532717569
     1.8380545246    3.8016487298    1.2111089782
     5.8092798195    0.2267449277    3.7634457012
     6.3959707354    2.6345217958    1.2874210191
    -7.3247861426    1.3696303463    0.4954483160
   -10.8916401133   -1.3703161245    4.2030149406
   -11.4713327050   -0.5895673857    0.8454086629
     1.9333068593   -1.5952690688   -2.9096346448
    -0.2639633415   -1.0849004816   -5.1053292170
     4.5449704741   -0.0557837169   -3.7134840387
     7.6703903805   -0.4279050947   -4.1786362224
    -3.3742002542   -0.2963814642   -4.9350133175
    -3.6797521734    2.7982966696   -3.2215680155
    -5.0804045502   -2.9026475896   -3.2227281692
     2.4730078867   -5.0659390701   -2.5458455412
     1.0219714941   -0.4530875255   -0.4382353713
     8.9277914288   -3.0759910060   -2.1611267302
     9.3027473056    2.6096789478   -3.3337131086
     8.1273036282   -1.1034005047   -7.6335128710
    -4.5027568117    0.0242213389   -8.2773762091
    -3.0808204517    2.6225682887   -1.2388272430
    -5.6379546991    3.4860890777   -3.2490076277
    -2.4897886350    4.2407237560   -4.1296864362
    -4.4503554169   -3.0201080387   -1.2463849218
    -4.7038470120   -4.7359448855   -4.1300247544
    -7.1353374976   -2.6079746635   -3.1977178982
     3.7659118285   -5.4502878598   -0.9711880298
     3.2837194301   -5.8683928576   -4.2841552925
     0.6702933639   -6.0243770883   -2.1733473459
     8.4582384967   -2.7566156302   -0.1599214838
    10.9968032050   -3.1868824286   -2.3128509658
     8.1506030753   -4.9181525805   -2.7201936387
     9.4086937537    2.9124786627   -1.2834084459
     8.3257844608    4.2440264251   -4.1720118638
    11.2503014009    2.5914861010   -4.0565945069
     7.0696150675   -2.8043519978   -8.2034689078
    10.1260436513   -1.3931236326   -8.1063302535
     7.4151861011    0.4829611736   -8.7727158104
    -3.4587960784    1.5327751729   -9.2561202888
    -6.5233760932    0.4998101995   -8.3302496014
    -4.2291216968   -1.7405901571   -9.3411068642
image number in NEB
      2
coordinates for this image
    -2.7144765855    1.2545287825    3.8056425518
     0.2547554676    1.2130425026    5.0220121307
    -5.6179182746    0.8573194755    5.0266815280
     0.3949041224    3.3797935649    7.8603734786
     1.0868752690   -2.1404122142    5.9363248652
    -6.4980793014    3.7044136644    6.9597821830
    -5.7613377997   -2.0967461087    7.0061539393
     2.3912308202    2.4177902012    2.6665372748
     5.2133403728    1.5332172576    2.5279574249
    -7.8809294633    0.5589946752    2.3100113603
   -10.1705885874   -0.5098067549    2.4791958467
    -0.2387023983    5.2807616818    7.3005580414
     2.3766812161    3.5440158097    8.4904794941
    -0.7506532613    2.7403147342    9.4694523455
     0.8763201580   -3.3975659001    4.2980659240
    -0.1438190145   -2.8426149560    7.4522333104
     3.0481387836   -2.2751026874    6.6039911510
    -6.4195432509    5.4280844404    5.8059255463
    -5.2300182177    3.9630320636    8.5853359243
    -8.4380731542    3.5089792070    7.6755312798
    -5.0682625227   -3.7274629098    5.9203530211
    -7.7100336688   -2.5072131041    7.5859894255
    -4.6173726226   -1.9229838676    8.7282853508
     1.9708272641    3.8709077566    1.3523594014
     5.8036359665    0.0682113714    3.7425221662
     6.4610013941    2.5119428507    1.3025255776
    -7.3401062586    1.3809931699    0.4889891974
   -10.8665801065   -1.3682558176    4.2265025687
   -11.4769133029   -0.5826888531    0.8768734954
     1.9156037667   -1.5124425096   -2.8920282026
    -0.2881943417   -1.1321100491   -5.0899100880
     4.5326252840   -0.0470763462   -3.7621457874
     7.6586898585   -0.4029385395   -4.1958590733
    -3.3992806489   -0.3250268268   -4.9288631887
    -3.6989539895    2.7733961641   -3.2220809650
    -5.0796103878   -2.9200874928   -3.1826374587
     2.4188114011   -4.9162675561   -2.2792859760
     1.0425657706   -0.2077149232   -0.5417713523
     8.8948059773   -3.0631577575   -2.1827600043
     9.3042876049    2.6296012258   -3.3238467470
     8.1457718067   -1.0662888231   -7.6418719356
    -4.5235980234   -0.0108209351   -8.2758350362
    -3.1172772886    2.6031607448   -1.2305953294
    -5.6617358724    3.4682239051   -3.2691257802
    -2.4991005651    4.2161448816   -4.1229978896
    -4.4407371917   -2.9942422653   -1.2078331509
    -4.6886715056   -4.7609865735   -4.0613111386
    -7.1427523984   -2.6480703681   -3.1509269048
     3.7345892730   -5.1666623445   -0.6977018238
     3.1977456825   -5.8757935144   -3.9190677285
     0.6143067070   -5.7967133153   -1.8076250297
     8.4469272995   -2.7431385417   -0.1780050244
    10.9587257362   -3.2142875572   -2.3613123166
     8.0743557010   -4.8926897481   -2.7361881504
     9.3789479768    2.9350723365   -1.2751181104
     8.3532805477    4.2647546607   -4.1814052606
    11.2568379541    2.5885151500   -4.0183447037
     7.0999837186   -2.7626433462   -8.2297160051
    10.1536128328   -1.3524935247   -8.0911335117
     7.4501512144    0.5276223169   -8.7855480798
    -3.4826122269    1.5039758655   -9.2434587967
    -6.5475700753    0.4613170080   -8.3396121932
    -4.2337049500   -1.7708707180   -9.3401518510
image number in NEB
      3
coordinates for this image
    -2.8171029614    1.1248501704    3.7500219645
     0.1673958819    1.0293643188    4.8778710859
    -5.7324555395    0.7965378482    5.0207063697
     0.5777993838    3.3171023131    7.5585456731
     0.9149967061   -2.3151749418    5.8751182504
    -6.4980566067    3.6669474285    6.9746589706
    -5.8914937522   -2.1637445471    6.9874956002
     2.3220072723    2.1070663800    2.4392919543
     4.9894757630    0.9995951231    2.2718123677
    -8.0653565724    0.5560800781    2.3503475229
   -10.3510673660   -0.5178482065    2.5445855471
    -0.0354381934    5.2147241228    6.9461931520
     2.6108999429    3.4410107332    7.9816458585
    -0.4288335712    2.8198384244    9.2960201631
     0.5906859735   -3.6401588145    4.3093449544
    -0.2687520169   -2.9131665609    7.4667407849
     2.9015442174   -2.4884866066    6.4673986593
    -6.4582350660    5.3798522551    5.8008101943
    -5.1539926600    3.9195673833    8.5315420788
    -8.4054642476    3.4906267015    7.7795843013
    -5.2488616981   -3.7976994544    5.8777486698
    -7.8358030095   -2.5405778775    7.6160931314
    -4.7000689493   -2.0197532429    8.6833211440
     2.1486295147    3.9108390955    1.5499600681
     5.3867948778   -0.7656305229    3.1588558190
     6.4494489034    2.0514260261    1.3767806926
    -7.5690956443    1.4373414379    0.5435991788
   -10.9956599970   -1.4328254221    4.2841309303
   -11.7001819338   -0.5445539254    0.9819100755
     2.0248312425   -1.1014304825   -2.6819139703
    -0.2404437432   -1.0193475106   -4.8935077156
     4.6267519857    0.0445272673   -3.9338372365
     7.7849234675   -0.2962369938   -4.2492710935
    -3.3635292422   -0.3104942592   -4.7287319536
    -3.8287018584    2.8291729977   -3.1324347840
    -4.9843854520   -2.9052816499   -2.9225103308
     2.3093942797   -4.3725600165   -1.3865523471
     1.0690641526    0.6480487115   -0.4703784425
     8.9031467480   -3.0437384640   -2.2803055795
     9.4217404766    2.6885646031   -3.2109810274
     8.4260404250   -0.8491794739   -7.6969436448
    -4.3974390915   -0.1494483498   -8.1089448602
    -3.3573378071    2.7440513744   -1.1088363230
    -5.8080934351    3.4479747608   -3.3067086904
    -2.6376427108    4.2868354791   -4.0153276716
    -4.4200404322   -2.8687591010   -0.9205713890
    -4.4894540782   -4.7653423407   -3.7076007089
    -7.0553654483   -2.7061117873   -2.9790413673
     3.7177121013   -4.4792517498    0.1377395357
     2.8313360809   -5.7161694450   -2.8750762884
     0.4645177125   -4.9475410708   -0.6103940803
     8.5024488618   -2.7157777002   -0.2717402085
    10.9533416521   -3.3160471296   -2.4892566503
     7.9662893116   -4.8110680174   -2.8432088515
     9.3591257583    2.9537497750   -1.1506445367
     8.5698080525    4.3623654956   -4.0980031699
    11.4300820567    2.6252477299   -3.7657555429
     7.3850147761   -2.5141745409   -8.3840496257
    10.4503038247   -1.1546449522   -8.0501053530
     7.8141904118    0.7868667005   -8.8195785635
    -3.3515213068    1.3646167115   -9.0816231085
    -6.4281044247    0.2451736588   -8.2732362321
    -3.9888367640   -1.9354175897   -9.0846827278
image number in NEB
      4
coordinates for this image
    -2.9284354760    1.0824406750    3.7887144407
     0.0948128157    0.9592219513    4.7592431318
    -5.8431681145    0.7597988486    5.0573098422
     0.7144562254    3.3275822857    7.3265172011
     0.8601791756   -2.3377262448    5.8442485795
    -6.5579400055    3.6445137812    7.0050809934
    -5.9690209987   -2.2054851897    7.0127871571
     2.0247182861    1.7647015002    1.9015164952
     4.6307854421    0.7117984942    1.7654251175
    -8.1699466473    0.5457320094    2.3832965504
   -10.4570908064   -0.5296295236    2.5552104319
     0.0430254203    5.2143923672    6.7588138254
     2.7638324480    3.4544076827    7.6556780306
    -0.1984569734    2.8209327581    9.1195869343
     0.5207502791   -3.7187017151    4.3303560037
    -0.2996156076   -2.8844536167    7.4738768189
     2.8540919106   -2.4785132312    6.4092860442
    -6.5159520081    5.3471607801    5.8148012620
    -5.1849946204    3.8953396446    8.5386837632
    -8.4546185103    3.4959810741    7.8402436421
    -5.3122244752   -3.8254007167    5.8886806937
    -7.9033033628   -2.6048380423    7.6478181244
    -4.7693404101   -2.0557223080    8.7003590514
     2.0046073851    3.7869202489    1.4446567535
     5.1212690795   -0.9916563941    2.8364507321
     6.2104478466    1.9900452596    1.4102480470
    -7.6627276900    1.4455544635    0.5876159705
   -11.1033913750   -1.4658204013    4.2808332291
   -11.8002884470   -0.5382583252    0.9858383443
     2.2689144027   -0.9811550276   -2.5389642192
    -0.1456466660   -0.8255261158   -4.5953075959
     4.7708911251    0.0046101307   -4.2240673619
     7.9206897182   -0.2853221705   -4.2881837079
    -3.2557907936   -0.2525512203   -4.5918565721
    -3.8792408026    2.9049965659   -3.0758962192
    -4.9256365977   -2.8725789496   -2.8469561947
     2.3566178213   -4.3329929032   -1.2996958407
     0.7785686477    0.9569185539    0.2784065690
     8.9746912905   -3.0487864693   -2.3000542405
     9.5032265911    2.7014411079   -3.1606828652
     8.5875262065   -0.8066442103   -7.7248835033
    -4.2492540258   -0.1747436244   -7.9969044526
    -3.4349215753    2.8639312990   -1.0438422689
    -5.8660318948    3.4792567433   -3.2929413252
    -2.6936111092    4.3645522718   -3.9676447533
    -4.4264957434   -2.8511869530   -0.8263881140
    -4.4095286874   -4.7289948338   -3.6312171627
    -6.9943199296   -2.6721485919   -2.9725598882
     3.7720762189   -4.6100895259    0.1864516120
     2.7620758742   -5.5872497454   -2.8890644975
     0.4672524196   -4.8111095447   -0.5526174794
     8.5420436157   -2.7090831781   -0.3012476225
    11.0219274112   -3.3425928471   -2.4804496164
     8.0253469433   -4.8033308622   -2.8813240086
     9.3833984927    2.9231220731   -1.0997320775
     8.6455587520    4.3752404778   -4.0433829524
    11.5201687377    2.6696742574   -3.6826456585
     7.5121186591   -2.4509065426   -8.4149886493
    10.6002139131   -1.1307733116   -8.1061103272
     7.9711189319    0.8454869517   -8.8254659659
    -3.2280354760    1.3296893795   -9.0105606787
    -6.2861539440    0.1877446847   -8.1797936933
    -3.8268910825   -1.9800037745   -8.9362508147
image number in NEB
      5
coordinates for this image
    -2.9421838776    1.0940195824    3.8416920391
     0.0679667012    0.9818393116    4.8163957216
    -5.8678637586    0.7581998623    5.0679895142
     0.7077931328    3.3428097749    7.3772344271
     0.8734196892   -2.3177656755    5.8411707617
    -6.5696241575    3.6455047118    7.0177752625
    -5.9789590230   -2.2105318960    7.0186868128
     1.9113954134    1.8942090228    1.8934049642
     4.3422349767    0.6211322287    1.3911527200
    -8.1626189349    0.5460028314    2.3894835069
   -10.4738258143   -0.5361917079    2.5572186968
     0.0367886863    5.2226924108    6.7929067574
     2.7563354416    3.4641284281    7.6895272643
    -0.2020779659    2.8439999841    9.1741303628
     0.5271897745   -3.6884780172    4.3184258413
    -0.2860956679   -2.8818226126    7.4670453491
     2.8658536451   -2.4738217094    6.4053988054
    -6.5195668072    5.3414583011    5.8189809235
    -5.1949771664    3.8941343369    8.5493528976
    -8.4668481783    3.5090095371    7.8519741361
    -5.3178410419   -3.8247133820    5.8887228950
    -7.9088436653   -2.6191621368    7.6567612393
    -4.7733667077   -2.0584898016    8.7023239307
     2.0098859927    3.9423521663    1.5923334148
     4.8618683793   -1.0267117754    2.5137574198
     5.9755932615    1.8429410033    1.0835320654
    -7.6566270199    1.4435111256    0.5936059074
   -11.1175519062   -1.4682698636    4.2836147001
   -11.8076677605   -0.5457629009    0.9833162418
     2.4485410856   -0.9933911968   -2.4079983758
    -0.0731968134   -0.7237000767   -4.3099273758
     4.8277592373   -0.0706974181   -4.3136684268
     7.9842136770   -0.3054685271   -4.3313883806
    -3.1752340552   -0.2463763770   -4.5223928734
    -3.8891645378    2.9163269327   -3.0619642453
    -4.9102590951   -2.8709942718   -2.8363132029
     2.4127549386   -4.4149949809   -1.3075342996
     0.4567923882    1.2840167250    0.4117162445
     8.9960032741   -3.0538540865   -2.3032629781
     9.5124132131    2.6953937273   -3.1689975620
     8.6399983097   -0.8202396557   -7.7580189980
    -4.1676402905   -0.1807030391   -7.9506875805
    -3.4498200403    2.8924257495   -1.0298297117
    -5.8756690839    3.4771851152   -3.2945085100
    -2.7024241983    4.3714919877   -3.9598246203
    -4.4323227471   -2.8654094934   -0.8116588538
    -4.3998065381   -4.7268742163   -3.6258952612
    -6.9772577071   -2.6576802186   -2.9811705338
     3.7881267554   -4.7579133807    0.1853400859
     2.7628549870   -5.6643742290   -2.9185247750
     0.4933781548   -4.8126971790   -0.5799352440
     8.5531924195   -2.7043138592   -0.3065538445
    11.0419408274   -3.3632204509   -2.4613184212
     8.0360392839   -4.8023820590   -2.8805827971
     9.3849871893    2.9122952998   -1.1071870439
     8.6490493331    4.3680858992   -4.0482329388
    11.5337334130    2.6826928055   -3.6768350763
     7.5443966384   -2.4588722334   -8.4257883689
    10.6481198625   -1.1474415279   -8.1719660404
     7.9986529862    0.8323038598   -8.8362303619
    -3.1780977106    1.3258785052   -8.9938659601
    -6.2093467849    0.1824995837   -8.1055912419
    -3.7764917409   -1.9868874371   -8.9040538793
image number in NEB
      6
coordinates for this image
  -2.9605097781   1.2079651973   5.0187932589
    0.0608920358   0.9334647907   5.0773578326
  -5.8917378741   0.6565657172   5.6654313384
    1.3607346336   3.7522669083   6.5857563163
    1.1423570101  -1.9459929201   6.5195027877
  -6.9916056615   3.2651255194   7.9857955686
  -6.1260244581  -2.2825139635   7.4171590851
    0.9741417663   1.0417714122   1.7649065824
    3.5394009352   0.2992201579   0.8939707459
  -7.7658728863   0.6239662431   2.7907512139
  -10.1419760963  -0.4862706787   2.5554115801
    0.5916361117   5.4943093558   5.7678676016
    3.4198505008   3.7022279845   6.3793921723
    0.8853827728   3.6900539162   8.6019021767
    2.2212674340  -3.2432325903   5.2857901494
  -0.1089989604  -3.4358827471   7.2288148201
    2.4452270056  -1.7815379663   8.1413409367
  -9.0272563854   3.5376799807   7.6347067786
  -6.0030335507   4.8492693041   7.0667079832
  -7.2034438881   4.5354164121   9.8280892459
  -4.6027249180  -3.4155206662   8.2470139982
  -7.1182612578  -3.8768787470   6.4892567406
  -7.1804817898  -2.1233282650   9.2291245878
    0.3857617658   2.8780204041   1.0118887783
    4.4802373959  -1.1666912385   1.9979637296
    4.8087102664   1.9257612491   0.8035007189
  -7.0612962426   1.6923645559   1.1655309845
  -11.6731067553  -0.3071321761   3.9459278606
  -11.0248143152  -1.6568988967   1.0880685273
    2.4660883144  -1.0768862816  -2.6756501960
  -0.0217240443  -0.1952327319  -4.3228085946
    4.9028398990  -0.1785003610  -4.4389918207
    8.0580986392  -0.3399683950  -4.3734333333
  -3.0778415608   0.0420426616  -4.8551386230
  -4.1749439232   3.1418694080  -3.5924353959
  -4.7398710825  -2.6599177925  -3.4285674289
    2.2291060552  -4.5542986865  -2.1765842772
  -0.4114923505  -0.3295346320   0.9624922480
    9.1116452553  -3.0761337966  -2.3566608965
    9.3639858845   2.6970667630  -3.0801155248
    8.9283086697  -0.7832733376  -7.7617040374
  -3.6732869255  -0.1799050133  -8.3004809038
  -3.8882900841   3.2335403180  -1.5413988253
  -6.1838489395   3.5053253962  -3.9703609216
  -3.0637037270   4.6743289601  -4.4489093295
  -6.2475297195  -2.0651026326  -2.1714226796
  -3.9624673850  -4.0739316063  -2.1177030610
  -5.9460235601  -4.0055525328  -4.5156922081
    3.7369557058  -5.2851346412  -0.9698265770
    2.2497676011  -5.5283995213  -4.0019527182
    0.4857876080  -5.1099423967  -1.1985656436
    8.5577624484  -2.8014407135  -0.3753976770
  11.1780064265  -3.2653494331  -2.3833989696
    8.3060953742  -4.8713138271  -3.0224029152
    8.9606537677   2.9006553719  -1.0539305139
    8.5847775176   4.3547708530  -4.0595873955
  11.4327485384   2.7526694558  -3.2907214989
    8.0270745352  -2.5060667149  -8.4988342914
  10.9774764146  -0.9529520420  -8.0447069637
    8.2468923377   0.8182900547  -8.8890159374
  -1.9924175539   0.4634834556  -9.3475905841
  -5.2225771521   1.0549315018  -8.9477104108
  -4.1161479715  -2.0317075083  -9.1405817790
end neb data
