do setup
do iters
do force
do relax
do neb
setup data
functional
 PBE-SP
spin polarization
 2.0
dimension of system (0=cluster ... 3=bulk)
0
primitive lattice vectors
  55.0000000000     0.00000000000     0.00000000000
  0.00000000000     45.0000000000     0.00000000000
  0.00000000000     0.00000000000     50.0000000000
grid dimensions
  184  150  167
atom types
 4
atom file
 O = O.atm
atom file
 H = H.atm
atom file
 C = C.atm
atom file
 Si = Si.atm
number of atoms in unit cell
  26
atom, type, position;
 AT1          O                -2.3599084209    0.0025289128    3.4215231549 
 AT2          Si               -0.3439627732    1.6552783115    5.2144118211 
 AT3          Si               -5.2429888935   -1.2693720557    3.5245020830 
 AT4          C                 1.6702836775    3.8086566971    3.1914791125 
 AT5          C                 3.4473809768    2.4840525871    1.4827195719 
 AT6          H                 2.6707217218    4.9659384187    4.6321309399 
 AT7          H                 3.6905565483    3.0982181340   -0.4671736097 
 AT8          H                 4.6852755168    0.9934794848    2.1741148716 
 AT9          Si                0.1376634103   -3.1621770327   -2.4720077714 
 AT10         O                -1.1607491093   -0.2917133992   -2.8302458100 
 AT11         O                 2.8700828897   -3.3264212715   -4.0519309536 
 AT12         Si                5.5196724620   -1.6381723192   -4.5414174669 
 AT13         Si               -3.7370172157    1.0708497150   -4.0708992158 
 AT14         H                 0.4445247702    5.1248123625    2.1457381658 
 AT15         H                -7.0996681715    0.6070746078    4.5235710334 
 AT16         H                -1.8095377587    3.1656283924    7.1249746921 
 AT17         H                -5.2516050964   -3.5862836892    5.1335298547 
 AT18         H                 1.3425292286   -0.1511521623    6.5908532542 
 AT19         H                -3.1411531317    2.0015239272   -6.6605204636 
 AT20         H                -5.8724656253   -0.7628384315   -4.2026712473 
 AT21         H                -4.4029218585    3.2269033602   -2.3918908132 
 AT22         H                 4.9182120784    1.0999269295   -4.8148891423 
 AT23         H                 7.3055777293   -1.9704742274   -2.3796992320 
 AT24         H                 6.7221521761   -2.5795362809   -6.9059231939 
 AT25         H                 0.7391346159   -3.4613575488    0.3011951792 
 AT26         H                -5.9109826390   -1.9692664731    0.8793684560
end setup phase data
run phase input data
history
 8
states
 100
temperature
 0.002
iterations
 100
blend ratio
0.05
convergence criterion
 0.05
geometry relaxation
gsteps
300
gmethod
ASD
end geometry relaxation
end run phase data
neb data
images
  5
einitial - energy for start-point
  -177.1412511626
coordinates for start-point
 -2.3599084209    0.0025289128    3.4215231549
 -0.3439627732    1.6552783115    5.2144118211
 -5.2429888935   -1.2693720557    3.5245020830
  1.6702836775    3.8086566971    3.1914791125
  3.4473809768    2.4840525871    1.4827195719
  2.6707217218    4.9659384187    4.6321309399
  3.6905565483    3.0982181340   -0.4671736097
  4.6852755168    0.9934794848    2.1741148716
  0.1376634103   -3.1621770327   -2.4720077714
 -1.1607491093   -0.2917133992   -2.8302458100
  2.8700828897   -3.3264212715   -4.0519309536
  5.5196724620   -1.6381723192   -4.5414174669
 -3.7370172157    1.0708497150   -4.0708992158
  0.4445247702    5.1248123625    2.1457381658
 -7.0996681715    0.6070746078    4.5235710334
 -1.8095377587    3.1656283924    7.1249746921
 -5.2516050964   -3.5862836892    5.1335298547
  1.3425292286   -0.1511521623    6.5908532542
 -3.1411531317    2.0015239272   -6.6605204636
 -5.8724656253   -0.7628384315   -4.2026712473
 -4.4029218585    3.2269033602   -2.3918908132
  4.9182120784    1.0999269295   -4.8148891423
  7.3055777293   -1.9704742274   -2.3796992320
  6.7221521761   -2.5795362809   -6.9059231939
  0.7391346159   -3.4613575488    0.3011951792
 -5.9109826390   -1.9692664731    0.8793684560
efinal - energy for end-product
  -177.0042735382
coordinates for end-product
 -2.2349526972   -1.0700356842    3.9268584850 
 -0.4042961307    1.0962467392    5.3787705214 
 -5.6626101811   -1.0214847305    3.6945753598 
  1.4431669048    3.0664965004    2.7434902922 
  3.0838452678    1.5391078322    0.9975887696 
  2.5509628857    4.2696442139    4.0358563426 
  3.9984963831    2.8209269148   -0.3731293597 
  4.5788042106    0.5253422638    2.0268840817 
  1.3646956286   -0.7696608323   -1.2179884629 
 -0.7077621075    0.9140765937   -2.8433542550 
  3.4792412686   -2.1112209840   -3.1156368665 
  6.0898088072   -1.5098929061   -4.7947389475 
 -3.6943071269    0.7478231243   -3.9518623351 
  0.0094717076    4.1818877221    1.7553572572 
 -6.8609562449    1.1517762798    5.0276843307 
 -1.5936479205    2.9486959408    7.1483412596 
 -5.8346490141   -3.4889946186    5.1374877834 
  1.6755806686   -0.3802847660    6.6099031292 
 -3.4703662619    1.3424586746   -6.7013561257 
 -4.8271433288   -1.8143909171   -3.6090631668 
 -5.2659834376    2.6995701430   -2.6722775924 
  6.1540150612    1.2179427466   -5.5156197242 
  8.3506519370   -2.0970562892   -3.2201055948 
  6.1006781175   -3.1295250142   -7.0993103636 
  0.1736769280   -2.8624312568    0.2321340802 
 -6.1373012930   -1.2630617504    0.9225255957 
antikink
image number in NEB
      1
coordinates for this image
    -2.3596377310   -0.6164590354    4.0317552814
    -0.2596447129    1.3461510656    5.3704501858
    -5.4742156750   -1.0945254957    3.7779098641
     1.5358285829    3.3178752026    2.9881554229
     3.3909754722    1.9886080662    1.3825251398
     2.4924086914    4.7115762641    4.2370067461
     3.6778912563    2.5472020988   -0.5774477817
     4.7373111991    0.6574000345    2.1871089094
     0.7156588544   -2.4194912011   -2.2339928183
    -0.8746676560    0.3351347914   -2.5323672524
     3.7256921785   -2.1085855961   -3.1136881078
     6.1810450176   -1.4375221521   -4.9785060078
    -3.6454108171    0.9104283611   -4.0041702221
     0.1737039870    4.3914234019    1.8389911169
    -6.9457576486    1.0652690869    4.8573229230
    -1.6303848084    3.0907267915    7.1476719648
    -6.1524130789   -3.4779845418    5.1193129452
     1.5960622414   -0.2051670338    6.8403989784
    -3.1653858584    1.6346738868   -6.6865601737
    -5.2654621886   -1.3915278925   -3.9094196806
    -4.9235853359    3.0462878948   -2.6757061602
     6.1163207992    1.2897332716   -5.7200429797
     8.5396502853   -1.9494423333   -3.5294994484
     6.1182969274   -3.1082270841   -7.2489275400
     0.7465934990   -3.1230148106    0.5274796931
    -6.1248117137   -1.3557528022    1.0443642017
image number in NEB
      2
coordinates for this image
    -2.3517703215   -0.9121307211    4.0334905519
    -0.2609442961    1.1144406365    5.2791088548
    -5.4967930589   -1.1665709136    3.8145496565
     1.4609008351    3.1122785518    2.8711029408
     3.2843839375    1.8157603760    1.1959047486
     2.5174112798    4.4029898627    4.1492463261
     3.7743145680    2.6698789460   -0.6128592349
     4.6102361631    0.4336800676    1.9557387393
     0.7007198436   -1.8736831461   -2.1346831252
    -0.7782813536    0.9578930315   -2.5515235421
     3.7068393421   -2.0981251313   -3.0732934629
     6.2059122914   -1.4388728498   -4.8873788753
    -3.6738846318    0.8706796261   -3.9659561566
     0.1312328613    4.2940765740    1.7934360051
    -6.7632824748    1.0551325104    5.0305366346
    -1.6009580375    2.8433598496    7.0949331617
    -6.2164064633   -3.5453109900    5.1214789079
     1.6595503888   -0.4391999843    6.6422216740
    -3.4350281058    1.3761836939   -6.7324083077
    -4.8963203106   -1.6494299712   -3.6015291131
    -5.2318289099    2.8603090918   -2.7175498583
     6.1504448184    1.2794162078   -5.6687311284
     8.5144558341   -1.9547620259   -3.3439025536
     6.1468573861   -3.1145055590   -7.1599550358
     0.4779916629   -2.7608445950    0.5634857970
    -6.1816714659   -1.3123777770    1.0842241404
image number in NEB
      3
coordinates for this image
    -2.3696216310   -0.9135013516    4.0292382722
    -0.2960121416    1.0945504275    5.2869898246
    -5.5301636050   -1.1209834053    3.7543304618
     1.3936945704    3.0090409838    2.7631239859
     3.1492980555    1.6702896389    1.0349796755
     2.5642507359    4.2606539174    3.9840321158
     3.8596419661    2.7579937376   -0.5770087839
     4.5605145590    0.4252413595    1.8949603361
     0.9157565090   -1.3166358832   -1.7957940470
    -0.7551290364    1.2734206714   -2.6279888241
     3.7344284879   -2.0998789069   -2.9803506757
     6.2067626961   -1.4539295540   -4.8453626221
    -3.6691119067    0.8404024712   -3.9881308134
     0.0687821679    4.2334053600    1.7362401169
    -6.7996152196    1.0946427727    4.9960057211
    -1.5900292476    2.8783328939    7.0882480216
    -6.0750608377   -3.5130138586    5.1095978103
     1.6664640780   -0.4238345086    6.6278628892
    -3.4678961314    1.3548105268   -6.7483434800
    -4.8139023434   -1.7054692011   -3.5818592208
    -5.2536770258    2.8045315029   -2.7118002246
     6.1495930496    1.2679485270   -5.6117494577
     8.5080550084   -1.9886284754   -3.3065967095
     6.1182978550   -3.1246293961   -7.1207543763
     0.3250649540   -2.7654059293    0.5865276207
    -6.1590722521   -1.2727857760    1.0003270380
image number in NEB
      4
coordinates for this image
    -2.3666522582   -0.9217933794    4.0127371290
    -0.3296210743    1.0900544565    5.3211459876
    -5.5899133575   -1.0853090380    3.7331385561
     1.4019895147    3.0083448575    2.7468509912
     3.1024573246    1.5987602897    0.9975466180
     2.5719976578    4.2294485233    3.9998683913
     3.8977037719    2.7740007888   -0.5255385336
     4.5698155579    0.4612764380    1.9267902415
     1.1905956249   -0.9647080436   -1.4582422761
    -0.7213604058    1.1648967615   -2.7958600300
     3.6398339521   -2.1183118484   -3.0607429412
     6.1950318666   -1.4627094238   -4.8445698911
    -3.7021127896    0.8177818748   -3.9912095870
     0.0565928472    4.2231778088    1.7374098860
    -6.8192676842    1.1315785428    5.0099337949
    -1.5944984473    2.9053052205    7.1083140070
    -5.9535023662   -3.4999632857    5.1185580493
     1.6706855728   -0.4140655838    6.6175668426
    -3.4771275447    1.3535475226   -6.7390242719
    -4.8261272926   -1.7344171833   -3.5848595549
    -5.2478256649    2.7938634110   -2.6953295772
     6.1436139622    1.2606497504   -5.5870780112
     8.4676851595   -2.0080940029   -3.2831006411
     6.1113270797   -3.1287926936   -7.1175127890
     0.2187245839   -2.8284168545    0.4351974220
    -6.1434369925   -1.2617327046    0.9618649130
image number in NEB
      5
coordinates for this image
    -2.3049299438   -0.9732435410    3.9622878624
    -0.3676125389    1.1053822684    5.3743597852
    -5.7225042382   -1.0380929732    3.6982770140
     1.4368703419    3.0338565187    2.7271627427
     3.0710956811    1.5356871937    0.9587236938
     2.5690909185    4.2308834809    4.0168191615
     3.9292772404    2.7954544698   -0.4845635282
     4.5797233661    0.4846709823    1.9347754284
     1.3601290765   -0.7824167224   -1.2364997693
    -0.7099453716    0.9563202572   -2.8500782873
     3.5362481396   -2.1191256892   -3.1180093463
     6.1386080816   -1.4758095446   -4.8280405471
    -3.7080396897    0.8078336438   -3.9699624408
     0.0436581002    4.2128950140    1.7476057784
    -6.8263975290    1.1636579467    5.0283742769
    -1.5945598324    2.9263791995    7.1239921004
    -5.8565020547   -3.5040288373    5.1360133345
     1.6730837839   -0.4074818859    6.6080936938
    -3.4681381636    1.3502828177   -6.7228151238
    -4.8332984739   -1.7393238284   -3.5894352839
    -5.2487698870    2.7895040745   -2.6920088773
     6.1436964680    1.2497365513   -5.5741618969
     8.4263912682   -2.0208951212   -3.2687109555
     6.1099723760   -3.1262453914   -7.1111630329
     0.1776154455   -2.8552639065    0.2726133617
    -6.1215475374   -1.2624955854    0.9185574954
end neb data
