*************************************************
******************* ORCA 6.1.1 ******************
*************************************************
$Geometry
   &GeometryIndex 1
   &NAtoms [&Type "Integer"] 66
   &NCorelessECP [&Type "Integer"] 0
   &NGhostAtoms [&Type "Integer"] 0
   &CartesianCoordinates [&Type "Coordinates", &Dim(66,4), &Units "Bohr"] 
              O      4.757262843884    0.090345290675   -2.623860317815
              Si     6.393846161871    2.256588454141   -0.976592669211
              Si     4.683894590975   -2.916985321655   -3.666775232719
              C      4.236321642913    5.070523597396   -0.519564055279
              C      1.936417656559    5.461372942188   -1.894706936225
              C      2.904659883936   -2.895811762999   -6.744652992459
              C      1.975436425495   -0.794736902640   -7.848901795032
              C      7.450890763610    0.926611418876    2.162559849966
              C      9.233689650114    3.306898690415   -2.876231784563
              C      8.009590987164   -4.117789126194   -4.204533439043
              C      3.002873075893   -4.960342639419   -1.277933254451
              H      5.175486255414    6.792917016913    0.227405212924
              H      1.255366175563    4.035463001911   -3.258614993420
              H      1.204263780219    7.387801617498   -2.235124229596
              H      2.604432581018   -4.726089432763   -7.717399150957
              H      2.215719374782    1.081130955119   -6.968190820341
              H      0.943201847377   -0.842553599329   -9.662225699760
              H      5.817936696950    0.150972595317    3.222591412452
              H      8.335532059783    2.416954037758    3.344163877513
              H      8.860548313150   -0.604849963900    1.905958973404
              H      8.646411162003    4.027797031953   -4.754476431537
              H     10.569307377524    1.718976329452   -3.179704906106
              H     10.275461163255    4.839729565683   -1.893917784439
              H      9.047741053426   -2.890882108883   -5.549675384113
              H      7.978067413618   -6.056855171928   -5.004381990211
              H      9.094534005468   -4.193055424097   -2.410629596545
              H      1.104146135297   -4.165152022148   -0.884867893860
              H      4.068344951271   -5.049409367772    0.526058199047
              H      2.770633662737   -6.920739390141   -1.986292932381
              Pt     1.107378817026    4.374966386620    1.797502748832
              O     -5.814061754480    1.924154420634    1.437072861173
              O     -5.989750566695   -0.301282473405    3.199688095297
              P     -4.492783495154    1.123347809539   -1.378665350336
              P     -5.595114558653    0.776889150331    6.175853591173
              O     -6.141346650144   -1.964272950780    7.524616950075
              O     -7.235169629320    2.946575847331    6.948602701980
              O     -1.803589701664   -0.208809034197   -0.711805664856
              O     -4.439828348778    3.599509911645   -2.771236832943
              C     -6.383524086082   -1.433784849509   -2.841690999588
              C     -2.145896839317    1.183725202023    6.703658331825
              C     -1.777102000454    1.473975181686    9.585042041216
              C     -1.352268667721    3.684949707357    5.400257376680
              C     -0.680020597679   -1.111824875540    5.694334371989
              C     -5.940561613311   -4.018276454268   -1.580542624253
              C     -9.177781373190   -0.629124893752   -2.636113998872
              C     -5.544858440852   -1.502530427211   -5.638415256531
              H     -7.936353073485   -2.066464181910    7.961415039632
              H     -0.564365695060    1.126605794162   -0.055441203348
              H     -2.926690523510    3.049858950339   10.346402579964
              H      0.242440251127    1.864498230304    9.998694841393
              H     -2.319893546613   -0.279885420736   10.589150482486
              H     -2.142438797451    5.360181062771    6.371803570914
              H     -2.176392439595    3.798099820200    3.398738384107
              H      0.795056908349    3.867781690956    5.560850590305
              H     -1.303226347755   -2.865630649752    6.651161222636
              H      1.368071094642   -0.854954523083    6.072278758468
              H     -0.939824107665   -1.358896587362    3.635704516582
              H     -6.475706591281   -4.001942819140    0.440571154612
              H     -3.939214975282   -4.611262369383   -1.725870890567
              H     -7.115000615729   -5.456187604715   -2.559718600043
              H     -9.825588632112   -0.603236235196   -0.646324968105
              H    -10.367551772682   -1.990405394769   -3.699700024871
              H     -9.484546534071    1.277312190044   -3.447774089872
              H     -3.525947991377   -2.031959915942   -5.829082310494
              H     -5.816368501575    0.358441082108   -6.556936809592
              H     -6.692196293676   -2.928971088827   -6.663563822311
$End
$Calculation_Status
   &GeometryIndex 1
   &version [&Type "String"] "6.1.1"
   &progName [&Type "String"] "LeanSCF"
   &Status [&Type "String"] "NORMAL TERMINATION"
$End
$SCF_Energy
   &GeometryIndex 1
   &Method [&Type "String"] "SCF"
   &totalEnergy [&Type "ArrayOfDoubles", &Dim (1,1)] "Total energy of each state"
                                                         0

0                                     -2.5371437981205418e+03
   &Mult [&Type "ArrayOfIntegers", &Dim (1,1)] "Multiplicity of each state"
                                                         0

0                                                        1
$End
$DFT_Energy
   &GeometryIndex 1
   &nAlphaEl [&Type "Integer"] 133
   &nBetaEl [&Type "Integer"] 133
   &nTotalEl [&Type "Integer"] 266
   &finalEn [&Type "Double"]      -2.5371437981205418e+03  "No Van der Waals correction"
   &eExchange [&Type "Double"]      -2.4965182378770322e+02
   &eCorr [&Type "Double"]      -9.3178494030351402e+00
   &eXC [&Type "Double"]      -2.5896967319073838e+02
   &eCNL [&Type "Double"]       0.0000000000000000e+00
$End
$SCF_Timings
   &GeometryIndex 1
   &TOTAL [&Type "Double"]       2.3214407999999999e+01
   &PREP [&Type "Double"]       1.3438619999999999e+00
   &FOCK [&Type "Double"]       1.5224329999999998e+01
   &DENS [&Type "Double"]       7.8737600000000185e-01
   &ETOT [&Type "Double"]       2.7984899999999202e-01
   &POP [&Type "Double"]       3.2243999999998607e-02
   &TRAFO [&Type "Double"]       5.5658399999999997e-01
   &DIIS [&Type "Double"]       2.1669839999999989e+00
   &SOSCF [&Type "Double"]       3.3734910000000102e+00
   &XC [&Type "Double"]       7.3461520000000053e+00
   &FOCKSTART [&Type "Double"]       1.2108999999999970e-01
   &INT_PREP [&Type "Double"]       3.0000000013075123e-06
   &INT_BF [&Type "Double"]       1.2627629999999987e+00
   &INT_DENS [&Type "Double"]       2.1467680000000602e+00
   &INT_DENSIO [&Type "Double"]       4.7799639555000009e+04
   &INT_FUNC [&Type "Double"]       1.5781600000003815e-01
   &INT_POT [&Type "Double"]       1.0682629999999715e+00
   &INT_POTIO [&Type "Double"]       8.1010000000065308e-02
   &INT_SUM [&Type "Double"]       1.6235000000002220e-02
   &SPLITRIJ [&Type "Double"]       6.2112400000000019e+00
$End
$Single_Point_Data
   &GeometryIndex 1
   &FinalEnergy [&Type "Double"]      -2.5371437981205418e+03  "Final single point energy"
   &Converged [&Type "Boolean"] true
$End
$SCF_Nuc_Gradient
   &GeometryIndex 1
   &NAtoms [&Type "Integer"] 66
   &gradNorm [&Type "Double"]       2.3407730565742804e-04
   &grad [&Type "ArrayOfDoubles", &Dim (198,1)] 
                                                         0

0                                      3.8468411879877262e-05
1                                     -3.5629352975366513e-05
2                                      2.1522085545268299e-05
3                                     -1.9277163938222208e-05
4                                      1.9340057669847699e-05
5                                      1.1574019432372684e-05
6                                     -1.1828589298998674e-05
7                                      1.8686139596879592e-05
8                                     -1.2669547465968267e-05
9                                      1.8186184582547060e-05
10                                    -9.8064416746146410e-06
11                                     4.5748055270775773e-05
12                                     1.3350046426566231e-05
13                                    -5.1867918166550314e-05
14                                     7.2075245484276573e-06
15                                     1.0157140320349312e-05
16                                     6.7910096704648648e-06
17                                    -6.7244347222716883e-06
18                                     2.1835750297863332e-05
19                                     5.8358135527347699e-06
20                                    -7.8617073915043800e-06
21                                    -7.6608508980027107e-06
22                                    -3.6758870806639921e-06
23                                    -3.4131925395128326e-06
24                                     5.3525885831059994e-06
25                                    -3.2809503763830961e-07
26                                     1.9292609179551168e-05
27                                     3.0946900653749942e-06
28                                     1.8206885674158790e-05
29                                     8.8533431319252898e-07
30                                     6.0521524914494695e-06
31                                    -6.3331912017426661e-06
32                                     1.7211570444569668e-07
33                                    -1.8500841359722631e-05
34                                     3.6677184525879536e-06
35                                     1.3085101541063238e-05
36                                    -1.7966000265309812e-05
37                                     1.4286833939364252e-05
38                                     2.1191499234712863e-05
39                                     7.7943140485425833e-06
40                                     4.6205510193242372e-06
41                                     1.4651170393842339e-05
42                                     7.9134589586540849e-06
43                                     7.9717812344060057e-06
44                                    -3.9038379321398864e-06
45                                     4.8485306045377430e-06
46                                     4.9410342210509661e-06
47                                    -7.4599567070343653e-06
48                                     8.9355391975354248e-06
49                                     1.5075896649492312e-05
50                                    -2.2757416409668885e-07
51                                     1.3945670692128154e-06
52                                    -5.6771243018005624e-06
53                                     5.4579562869666587e-06
54                                    -2.1995309901073901e-06
55                                    -1.5324804944483184e-07
56                                     5.1299511416580401e-06
57                                    -2.6879164486959262e-06
58                                    -2.9178510889127374e-06
59                                     6.3827804190758064e-06
60                                    -5.7177453723078475e-07
61                                     7.5267538955231528e-06
62                                     1.1210167903369372e-05
63                                     2.9529709489606315e-06
64                                     4.5594270828286376e-06
65                                     6.0907728266501593e-06
66                                     2.2232869275051748e-06
67                                     1.5937339374605397e-06
68                                     8.8325047375992227e-06
69                                     2.1956519505178518e-06
70                                     6.1683271384282978e-06
71                                     1.7830066817714485e-06
72                                     5.4615764415264639e-07
73                                     4.4047129153235165e-06
74                                    -3.9335153463604389e-07
75                                     4.4097713226415314e-06
76                                     4.9568497447177035e-06
77                                     3.8840650272708999e-06
78                                     1.2522216540633568e-06
79                                    -1.7206213178966312e-06
80                                    -2.6529754771228986e-05
81                                     2.5478318153304702e-06
82                                    -5.8353140877133447e-06
83                                    -1.4545634039186961e-06
84                                    -1.5648165263559832e-08
85                                     7.6280930569327943e-07
86                                     3.8182720581148022e-07
87                                     2.4717237763196773e-05
88                                     1.2953093942234383e-04
89                                    -5.1471742703743106e-05
90                                    -4.4633996685722321e-06
91                                    -7.1858001904900881e-06
92                                    -2.0070081476530888e-05
93                                    -3.3427126355928261e-06
94                                    -7.6247750987745722e-06
95                                    -6.1676161936252694e-06
96                                    -2.0344119146253892e-06
97                                    -3.6201091503373917e-06
98                                     2.4560484297310448e-05
99                                    -3.4478297820106363e-06
100                                   -1.4605117521659938e-05
101                                    1.3451656019763947e-06
102                                   -5.7671068506848222e-06
103                                   -4.6677562418606655e-06
104                                   -9.0019006125999224e-06
105                                   -2.5042280638598591e-06
106                                   -4.6378419896186962e-06
107                                   -2.0827763188568937e-06
108                                    3.9312805361624292e-05
109                                    2.4864849291372781e-05
110                                    2.1445833399511005e-05
111                                   -8.4203479206838849e-06
112                                    1.5495643706786577e-05
113                                    9.5011015094348394e-07
114                                    1.1801936280378400e-05
115                                    7.3021498629803616e-06
116                                   -9.0501412023345773e-06
117                                   -2.2914000840160154e-05
118                                   -1.3965267412598473e-05
119                                    2.1853612784363680e-05
120                                   -3.3319594633851243e-06
121                                   -2.4658090235994343e-05
122                                   -2.5922832613406444e-06
123                                    2.5193788047710164e-05
124                                   -4.1388632247646440e-05
125                                   -1.8342910126672995e-05
126                                    2.7317551992422917e-06
127                                   -2.2387750403425610e-06
128                                    7.0099153643907175e-07
129                                    8.6040464432508845e-07
130                                    1.0702605209925165e-06
131                                   -1.1864366110291708e-05
132                                    6.5221188248615336e-06
133                                    2.5429790501477201e-07
134                                   -1.0266897990237819e-05
135                                    5.2661120039151216e-06
136                                   -7.3362209091812867e-06
137                                    2.0073755145448569e-06
138                                   -3.3083264238675802e-06
139                                   -1.3892274644416308e-05
140                                   -6.8970593458395069e-06
141                                   -7.4399676085218358e-05
142                                   -1.6585075713670960e-05
143                                    4.8410505056051267e-07
144                                   -7.6130674562246980e-06
145                                   -1.0576819477636779e-05
146                                   -4.6325388924906008e-07
147                                   -6.2943186541764007e-06
148                                   -8.5071414680643054e-06
149                                    1.4536722948779723e-06
150                                   -7.9264507043264043e-06
151                                   -1.1398872910350910e-05
152                                   -2.6981789997410077e-06
153                                    1.5982944973069735e-06
154                                   -6.5881418188640239e-06
155                                    1.0971342192245270e-06
156                                   -2.8909704828147809e-05
157                                   -2.2279083098985207e-05
158                                   -5.5905995655081142e-07
159                                    4.1853852210116393e-06
160                                   -1.1468388847678604e-05
161                                   -2.7305605275612654e-06
162                                   -4.8454575724277138e-06
163                                   -1.0784433770338886e-05
164                                   -5.7763344805256134e-06
165                                   -3.7607484233981303e-06
166                                   -9.1765317355649301e-06
167                                    1.2891796191891181e-06
168                                   -6.5292795547108873e-06
169                                   -1.3716347705555743e-06
170                                    2.8718965784102490e-06
171                                   -2.9529568805891637e-06
172                                   -2.9062396829423326e-06
173                                   -6.6370156099893052e-06
174                                    8.4420223657455384e-06
175                                    4.2647359593805945e-06
176                                   -7.4787564527459272e-06
177                                    8.6724222009282315e-07
178                                    4.4843762332935633e-06
179                                   -1.0683274100184437e-05
180                                   -4.2865706951084048e-06
181                                    3.6124491809732921e-06
182                                   -6.2786927622349165e-06
183                                    1.8655219925778344e-06
184                                    2.4624506021198034e-06
185                                   -5.3810472455673164e-06
186                                    3.2830968716701658e-06
187                                    4.6712661034009617e-06
188                                   -1.1076316391994689e-06
189                                   -8.4312257305207972e-06
190                                    1.4851588741315869e-05
191                                   -3.4320062216770808e-06
192                                   -8.8838642735289408e-07
193                                    9.8682528766880218e-06
194                                   -4.3571376751455615e-06
195                                   -3.0785565379165547e-06
196                                    9.2784922555710914e-06
197                                   -8.5134380717472036e-06
   &Method [&Type "String"] "SCF"
   &Level [&Type "String"] "Relaxed density"
   &Mult [&Type "Integer"] 1
   &State [&Type "Integer"] 0
   &Irrep [&Type "Integer"] 0
$End
